10
10
2
[0]0
[0]0
[0]0
[0]0
[0]0
[0]0
[0]0
[0]0
[0]0
[0]0
[0]0
[0]0
H0e0
l0l0
o0 0
W0o0
r0l0
d0!0
[0]0
[0]0
[0]0
[0]0
H0e0
l0l0
o0 0
A0s0
c0i0
i0G0
L0!0
[0]0
[0]0
[0]0
[0]0
[0]0
[0]0
[0]0
[0]0
[0]0
[0]0
[0]0
[0]0
[0]0
[0]0
[0]0
[0]0
[0]0
[0]0
[0]0
[0]0
[0]0
[0]0
[0]0
[0]0
[0]0
[0]0
[0]0
[0]0
[0]0
[0]0
[0]0
[0]0
[0]0
[0]0
[0]0
[0]0
[0]0
[0]0
[0]0
[0]0
[0]0
[0]0
[0]0
[0]0
[0]0
[0]0
[0]0
[0]0
[0]0
[0]0
[0]0
[0]0
[0]0
2000
2030
-000
80-0
1070
-010
20:0
3030
[0]0
[0]0
[0]0
[0]0
[0]0
[0]0
[0]0
[0]0
[0]0
[0]0
[0]0
